IgG-PT_day14
229.60369238026902
129.197955644116
105.426573884473
97.7432580142891
162.5
92.6876309900159
17.4096952617373
5.13595098110588
414.51394745849603
96.8742736184235
58.0619319719894
269.001264901646
100.489454612789
99.4404159271189
168.900881770954
182.906088153607
170.18373523612
133.269594394955
35.3688508196043
89.98965285937142
132.219592673416
16.0010150208095
9.05553305660473
45.7489573679795
43.9596880446821
116.478278927999
75.0907690462241
62.6997297744289
33.003075285528105
272.71723652569
154.07869160947502
172.314445942944
77.34048838817091
41.4002753326629
121.163358783251
158.055773585857
145.035713080536
198.59097254277802
162.631291011089
43.477268096557104
293.88089129403596
38.4990698137361
201.239119244156
280.89269333824296
0.536
139.999551772187
52.8820616846096
73.573544670126
109.997983956125
219.279332283922
172.363131321366
120.652266455115
202.521119526104
83.00331266005641
223.30944736772003
352.958670502499
31.554390947127498
