IgG-PT_day14
12.513860256015
7.04154687380034
5.74595904440304
5.32720296907363
8.85657486829334
5.05166118909429
0.948863197044604
0.279919596209531
22.591838828418304
5.27984158223447
3.16449136927802
14.6611067216433
5.47687617385927
5.41970146826313
9.205435721385939
9.96874746830204
9.27535379990466
7.2634593256984905
1.92767307870353
4.90461598720462
7.2062321327222
0.872087307695296
0.49354465531153796
2.49340963738997
2.3958908821818197
6.34829906372786
4.09259703369605
3.41726062134763
1.7987335824627801
14.8636346040851
8.39759672521843
9.391481793121038
4.21521123544743
2.25639777262576
6.603645282201541
8.61435564387177
7.904736316763559
10.823605024568
8.863730490873301
2.36959803056012
16.0170960991163
2.0982762717846497
10.967934313940198
15.3092133446567
0.0292130715655706
7.63025545721774
2.88217808307355
4.00990527197966
5.995110032423081
11.9511619904119
9.39413524357633
6.5757897285477105
11.037805892267802
4.523846479324
12.170811319442599
19.2369531736533
1.7197773898254298
